12
5 3
0 0 0 0 0
6 5
0 0 0 1 1 1
6 3
0 0 1 1 1 0
3 1
0 1 0
6 2
0 1 0 1 0 1
12 3
0 0 1 0 1 0 0 1 0 1 1 0
12 4
0 1 0 0 0 1 0 0 1 1 1 0
12 4
0 1 0 1 1 1 0 0 1 1 1 1
5 2
0 1 0 1 0 1
5 2
0 1 0 0 1 1
5 2
0 1 0 0 1 0
5 2
0 0 1 0 1 0



8
4 3
0 0 0 0
4 3
0 0 0 1
4 3
0 0 1 0
4 3
0 0 1 1
4 3
0 1 0 0
4 3
0 1 0 1
4 3
0 1 1 0
4 3
0 1 1 1

1
10 7
0 0 0 0 0 1 1 1 1 1

3
16 4
0 0 1 1 1 0 1 0 0 0 1 0 1 1 1 0
16 4
0 0 1 1 1 0 0 0 0 0 1 1 1 1 1 0
16 4
0 0 1 1 1 0 1 0 0 0 1 0 1 1 1 0

1
18 4
1 0 1 0 1 1 0 1 0 0 0 0 0 0 0 1 1 0 0

